NODES=32 ELEMS=40 SECTS=3
CONDENSATION BEGIN

ELEM 1001 OFFSET=1
[ke']
145         0.07347200         0.00000000         0.00000000         0.00000000         0.11020800         0.00000000        -0.07347200         0.00000000         0.00000000         0.00000000         0.11020800         0.00000000
146         0.00000000         0.07347200         0.00000000        -0.11020800         0.00000000         0.00000000         0.00000000        -0.07347200         0.00000000        -0.11020800         0.00000000         0.00000000
147         0.00000000         0.00000000      1008.00000000         0.00000000         0.00000000         0.00000000         0.00000000         0.00000000     -1008.00000000         0.00000000         0.00000000         0.00000000
148         0.00000000        -0.11020800         0.00000000         0.22041600         0.00000000         0.00000000         0.00000000         0.11020800         0.00000000         0.11020800         0.00000000         0.00000000
149         0.11020800         0.00000000         0.00000000         0.00000000         0.22041600         0.00000000        -0.11020800         0.00000000         0.00000000         0.00000000         0.11020800         0.00000000
150         0.00000000         0.00000000         0.00000000         0.00000000         0.00000000         0.00037800         0.00000000         0.00000000         0.00000000         0.00000000         0.00000000        -0.00037800
151        -0.07347200         0.00000000         0.00000000         0.00000000        -0.11020800         0.00000000         0.15088187         0.01960542         0.00541532         0.00000063        -0.10300496         0.02476118
152         0.00000000        -0.07347200         0.00000000         0.11020800         0.00000000         0.00000000         0.01960542         0.15010194         0.00454933         0.10416116        -0.00000059        -0.02251116
153         0.00000000         0.00000000     -1008.00000000         0.00000000         0.00000000         0.00000000         0.00541532         0.00454933      1008.04852478        -0.05374534         0.05228078         0.00000010
154         0.00000000        -0.11020800         0.00000000         0.11020800         0.00000000         0.00000000         0.00000063         0.10416116        -0.05374534         0.37501408        -0.00000001        -0.00000940
155         0.11020800         0.00000000         0.00000000         0.00000000         0.11020800         0.00000000        -0.10300496        -0.00000059         0.05228078        -0.00000001         0.37306159        -0.00000859
156         0.00000000         0.00000000         0.00000000         0.00000000         0.00000000        -0.00037800         0.02476118        -0.02251116         0.00000010        -0.00000940        -0.00000859         0.28369913
[kg']
145         0.00247106         0.00000000         0.00000000         0.00000000         0.00061776         0.00000000        -0.00247106         0.00000000         0.00000000         0.00000000         0.00061776        -0.00000002
146         0.00000000         0.00247106         0.00000000        -0.00061776         0.00000000         0.00000000         0.00000000        -0.00247106         0.00000000        -0.00061776         0.00000000        -0.00000001
147         0.00000000         0.00000000         0.00000000         0.00000000         0.00000000         0.00000000         0.00000000         0.00000000         0.00000000         0.00000000         0.00000000         0.00000000
148         0.00000000        -0.00061776         0.00000000         0.00247106         0.00000000         0.00000001         0.00000000         0.00061776         0.00000000        -0.00061776         0.00000000        -0.00000001
149         0.00061776         0.00000000         0.00000000         0.00000000         0.00247106         0.00000001        -0.00061776         0.00000000         0.00000000         0.00000000        -0.00061776        -0.00000001
150         0.00000000         0.00000000         0.00000000         0.00000001         0.00000001        -0.00000023        -0.00000000        -0.00000000         0.00000000        -0.00000001        -0.00000001         0.00000023
151        -0.00247106         0.00000000         0.00000000         0.00000000        -0.00061776        -0.00000000         0.00247106         0.00000000         0.00000000         0.00000000        -0.00061775         0.00000002
152         0.00000000        -0.00247106         0.00000000         0.00061776         0.00000000        -0.00000000         0.00000000         0.00247106        -0.00000000         0.00061775        -0.00000000         0.00000001
153         0.00000000         0.00000000         0.00000000         0.00000000         0.00000000         0.00000000         0.00000000        -0.00000000        -0.00000000         0.00000000        -0.00000000        -0.00000000
154         0.00000000        -0.00061776         0.00000000        -0.00061776         0.00000000        -0.00000001         0.00000000         0.00061775         0.00000000         0.00247106         0.00000000         0.00000002
155         0.00061776         0.00000000         0.00000000         0.00000000        -0.00061776        -0.00000001        -0.00061775        -0.00000000        -0.00000000         0.00000000         0.00247105         0.00000003
156        -0.00000002        -0.00000001         0.00000000        -0.00000001        -0.00000001         0.00000023         0.00000002         0.00000001        -0.00000000         0.00000002         0.00000003        -0.00000021
{CONF} :   1   1   1   0   0   0   0   0   0   0   0   0
[A]
         0.00247106         0.00000000         0.00000000         0.00000000         0.00061776         0.00000000        -0.00247106         0.00000000         0.00000000         0.00000000         0.00061776        -0.00000002
         0.00000000         0.00247106         0.00000000        -0.00061776         0.00000000         0.00000000         0.00000000        -0.00247106         0.00000000        -0.00061776         0.00000000        -0.00000001
         0.00000000         0.00000000         0.00000000         0.00000000         0.00000000         0.00000000         0.00000000         0.00000000         0.00000000         0.00000000         0.00000000         0.00000000
         0.00000000        -0.00061776         0.00000000         0.00247106         0.00000000         0.00000001         0.00000000         0.00061776         0.00000000        -0.00061776         0.00000000        -0.00000001
         0.00061776         0.00000000         0.00000000         0.00000000         0.00247106         0.00000001        -0.00061776         0.00000000         0.00000000         0.00000000        -0.00061776        -0.00000001
         0.00000000         0.00000000         0.00000000         0.00000001         0.00000001        -0.00000023        -0.00000000        -0.00000000         0.00000000        -0.00000001        -0.00000001         0.00000023
        -0.00247106         0.00000000         0.00000000         0.00000000        -0.00061776        -0.00000000         0.00247106         0.00000000         0.00000000         0.00000000        -0.00061775         0.00000002
         0.00000000        -0.00247106         0.00000000         0.00061776         0.00000000        -0.00000000         0.00000000         0.00247106        -0.00000000         0.00061775        -0.00000000         0.00000001
         0.00000000         0.00000000         0.00000000         0.00000000         0.00000000         0.00000000         0.00000000        -0.00000000        -0.00000000         0.00000000        -0.00000000        -0.00000000
         0.00000000        -0.00061776         0.00000000        -0.00061776         0.00000000        -0.00000001         0.00000000         0.00061775         0.00000000         0.00247106         0.00000000         0.00000002
         0.00061776         0.00000000         0.00000000         0.00000000        -0.00061776        -0.00000001        -0.00061775        -0.00000000        -0.00000000         0.00000000         0.00247105         0.00000003
        -0.00000002        -0.00000001         0.00000000        -0.00000001        -0.00000001         0.00000023         0.00000002         0.00000001        -0.00000000         0.00000002         0.00000003        -0.00000021

[B]
         0.07347200         0.00000000         0.00000000         0.00000000         0.11020800         0.00000000        -0.07347200         0.00000000         0.00000000         0.00000000         0.11020800         0.00000000
         0.00000000         0.07347200         0.00000000        -0.11020800         0.00000000         0.00000000         0.00000000        -0.07347200         0.00000000        -0.11020800         0.00000000         0.00000000
         0.00000000         0.00000000      1008.00000000         0.00000000         0.00000000         0.00000000         0.00000000         0.00000000     -1008.00000000         0.00000000         0.00000000         0.00000000
         0.00000000        -0.11020800         0.00000000         0.22041600         0.00000000         0.00000000         0.00000000         0.11020800         0.00000000         0.11020800         0.00000000         0.00000000
         0.11020800         0.00000000         0.00000000         0.00000000         0.22041600         0.00000000        -0.11020800         0.00000000         0.00000000         0.00000000         0.11020800         0.00000000
         0.00000000         0.00000000         0.00000000         0.00000000         0.00000000         0.00037800         0.00000000         0.00000000         0.00000000         0.00000000         0.00000000        -0.00037800
        -0.07347200         0.00000000         0.00000000         0.00000000        -0.11020800         0.00000000         0.15088187         0.01960542         0.00541532         0.00000063        -0.10300496         0.02476118
         0.00000000        -0.07347200         0.00000000         0.11020800         0.00000000         0.00000000         0.01960542         0.15010194         0.00454933         0.10416116        -0.00000059        -0.02251116
         0.00000000         0.00000000     -1008.00000000         0.00000000         0.00000000         0.00000000         0.00541532         0.00454933      1008.04852478        -0.05374534         0.05228078         0.00000010
         0.00000000        -0.11020800         0.00000000         0.11020800         0.00000000         0.00000000         0.00000063         0.10416116        -0.05374534         0.37501408        -0.00000001        -0.00000940
         0.11020800         0.00000000         0.00000000         0.00000000         0.11020800         0.00000000        -0.10300496        -0.00000059         0.05228078        -0.00000001         0.37306159        -0.00000859
         0.00000000         0.00000000         0.00000000         0.00000000         0.00000000        -0.00037800         0.02476118        -0.02251116         0.00000010        -0.00000940        -0.00000859         0.28369913

[A] FREE CONF PART
         0.00247106         0.00000000         0.00000001         0.00000000         0.00061776         0.00000000        -0.00061776         0.00000000        -0.00000001
         0.00000000         0.00247106         0.00000001        -0.00061776         0.00000000         0.00000000         0.00000000        -0.00061776        -0.00000001
         0.00000001         0.00000001        -0.00000023        -0.00000000        -0.00000000         0.00000000        -0.00000001        -0.00000001         0.00000023
         0.00000000        -0.00061776        -0.00000000         0.00247106         0.00000000         0.00000000         0.00000000        -0.00061775         0.00000002
         0.00061776         0.00000000        -0.00000000         0.00000000         0.00247106        -0.00000000         0.00061775        -0.00000000         0.00000001
         0.00000000         0.00000000         0.00000000         0.00000000        -0.00000000        -0.00000000         0.00000000        -0.00000000        -0.00000000
        -0.00061776         0.00000000        -0.00000001         0.00000000         0.00061775         0.00000000         0.00247106         0.00000000         0.00000002
         0.00000000        -0.00061776        -0.00000001        -0.00061775        -0.00000000        -0.00000000         0.00000000         0.00247105         0.00000003
        -0.00000001        -0.00000001         0.00000023         0.00000002         0.00000001        -0.00000000         0.00000002         0.00000003        -0.00000021

[B] FREE CONF PART
         0.22041600         0.00000000         0.00000000         0.00000000         0.11020800         0.00000000         0.11020800         0.00000000         0.00000000
         0.00000000         0.22041600         0.00000000        -0.11020800         0.00000000         0.00000000         0.00000000         0.11020800         0.00000000
         0.00000000         0.00000000         0.00037800         0.00000000         0.00000000         0.00000000         0.00000000         0.00000000        -0.00037800
         0.00000000        -0.11020800         0.00000000         0.15088187         0.01960542         0.00541532         0.00000063        -0.10300496         0.02476118
         0.11020800         0.00000000         0.00000000         0.01960542         0.15010194         0.00454933         0.10416116        -0.00000059        -0.02251116
         0.00000000         0.00000000         0.00000000         0.00541532         0.00454933      1008.04852478        -0.05374534         0.05228078         0.00000010
         0.11020800         0.00000000         0.00000000         0.00000063         0.10416116        -0.05374534         0.37501408        -0.00000001        -0.00000940
         0.00000000         0.11020800         0.00000000        -0.10300496        -0.00000059         0.05228078        -0.00000001         0.37306159        -0.00000859
         0.00000000         0.00000000        -0.00037800         0.02476118        -0.02251116         0.00000010        -0.00000940        -0.00000859         0.28369913

DECOMPOSED [B] FREE CONF
         2.12999430         0.00000000         0.00000000         0.00000000         0.23474241         0.00000000         0.23474241         0.00000000         0.00000000
         0.00000000         2.12999430         0.00000000        -0.23474241         0.00000000         0.00000000         0.00000000         0.23474241         0.00000000
         0.00000000         0.00000000        51.43438569         0.00000000         0.00000000         0.00000000         0.00000000         0.00000000        -0.01944225
         0.00000000        -0.11020800         0.00000000         3.23122657         0.06334955         0.01749812         0.00000205        -0.15477886         0.08000897
         0.11020800         0.00000000         0.00000000         0.01960542         3.31524499         0.01140719         0.16263609         0.03250460        -0.09143343
         0.00000000         0.00000000         0.00000000         0.00541532         0.00454933         0.03149629        -0.00175121         0.00172027        -0.00001124
         0.11020800         0.00000000         0.00000000         0.00000063         0.10416116        -0.05374534         1.84598482        -0.00975251         0.02743279
         0.00000000         0.11020800         0.00000000        -0.10300496        -0.00000059         0.05228078        -0.00000001         1.84790654         0.02885445
         0.00000000         0.00000000        -0.00037800         0.02476118        -0.02251116         0.00000010        -0.00000940        -0.00000859         1.93537498

CHECK:[L][Lt]=[B]
         0.22041600         0.00000000         0.00000000         0.00000000         0.11020800         0.00000000         0.11020800         0.00000000         0.00000000
                            0.22041600         0.00000000        -0.11020800         0.00000000         0.00000000         0.00000000         0.11020800         0.00000000
                                               0.00037800         0.00000000         0.00000000         0.00000000         0.00000000         0.00000000        -0.00037800
                                                                  0.15088187         0.01960542         0.00541532         0.00000063        -0.10300496         0.02476118
                                                                                     0.15010194         0.00454933         0.10416116        -0.00000059        -0.02251116
                                                                                                     1008.04852478        -0.05374534         0.05228078         0.00000010
                                                                                                                           0.37501408        -0.00000000        -0.00000940
                                                                                                                                              0.37306159        -0.00000859
                                                                                                                                                                 0.28369913

TRANSFORMED FULL [A']
  4         0.01121089         0.00000000         0.00000069         0.00000000        -0.00436232         0.00000157        -0.00597736         0.00015430        -0.00046321
  5         0.00000000         0.01121089         0.00000088         0.00425176        -0.00089295        -0.00000202         0.00026806        -0.00602008        -0.00049444
  6         0.00000069         0.00000088        -0.00059561         0.00000067        -0.00000068        -0.00000000        -0.00000069        -0.00000093        -0.00000014
  7         0.00000000         0.00425176         0.00000067         0.02579995        -0.00541849        -0.00001227         0.00162662         0.00035677        -0.00506007
  8        -0.00436232        -0.00089295        -0.00000068        -0.00541849         0.02829707        -0.00000718        -0.00093421        -0.00171690         0.00599196
  9         0.00000157        -0.00000202        -0.00000000        -0.00001227        -0.00000718         0.00000001        -0.00000056         0.00000042         0.00000064
 10        -0.00597736         0.00026806        -0.00000069         0.00162662        -0.00093421        -0.00000056         0.01064119         0.00024801        -0.00099598
 11         0.00015430        -0.00602008        -0.00000093         0.00035677        -0.00171690         0.00000042         0.00024801         0.01065522        -0.00096717
 12        -0.00046321        -0.00049444        -0.00000014        -0.00506007         0.00599196         0.00000064        -0.00099598        -0.00096717         0.00195079

TRANSFORMED [A']
         0.01121089         0.00000000         0.00000069         0.00000000        -0.00436232         0.00000157        -0.00597736         0.00015430        -0.00046321
         0.00000000         0.01121089         0.00000088         0.00425176        -0.00089295        -0.00000202         0.00026806        -0.00602008        -0.00049444
         0.00000069         0.00000088        -0.00059561         0.00000067        -0.00000068        -0.00000000        -0.00000069        -0.00000093        -0.00000014
         0.00000000         0.00425176         0.00000067         0.02579995        -0.00541849        -0.00001227         0.00162662         0.00035677        -0.00506007
        -0.00436232        -0.00089295        -0.00000068        -0.00541849         0.02829707        -0.00000718        -0.00093421        -0.00171690         0.00599196
         0.00000157        -0.00000202        -0.00000000        -0.00001227        -0.00000718         0.00000001        -0.00000056         0.00000042         0.00000064
        -0.00597736         0.00026806        -0.00000069         0.00162662        -0.00093421        -0.00000056         0.01064119         0.00024801        -0.00099598
         0.00015430        -0.00602008        -0.00000093         0.00035677        -0.00171690         0.00000042         0.00024801         0.01065522        -0.00096717
        -0.00046321        -0.00049444        -0.00000014        -0.00506007         0.00599196         0.00000064        -0.00099598        -0.00096717         0.00195079

EIGEN VECTOR [V']
         0.12585413        -0.28252507         0.47800426         0.39753751        -0.32543590        -0.82781462        -0.00002526        -0.00001364         0.00081729
         0.12677072         0.28927400         0.46407126        -0.40711695        -0.47902016        -0.27900629        -0.00003276        -0.00001057         0.00019030
         0.00002940         0.00000811         0.00008486        -0.00000931         0.00002882         0.00003646         0.99999988         0.00000000        -0.00000116
         0.59558599         0.67946339        -0.04252989         0.35656315         0.10281751         0.07408275        -0.00002002         0.00000114        -0.00287971
        -0.74119371         0.55102819         0.04744408         0.28148373        -0.10206607        -0.19861359         0.00002057        -0.00000321         0.00316977
        -0.00006194        -0.00057245         0.00000639        -0.00029764        -0.00001999         0.00003053         0.00000000         0.00000000         0.00000045
         0.04738620         0.17884425        -0.49638559        -0.45478639        -0.31152592        -0.81207857         0.00005211        -0.00000574        -0.00092085
         0.03912778        -0.18840564        -0.49252631         0.45648371        -0.47097814        -0.27182263         0.00006812        -0.00001039        -0.00229829
        -0.22808523        -0.00667443         0.06883690        -0.00674277         0.00884835         0.01166608         0.00000016        -0.00000388         0.00118385

EIGEN VALUE {E}
         0.03553879
         0.02359477
         0.01675927
         0.01514553
         0.00436747
         0.00436013
        -0.00059561
         0.00000005
         0.00000000

CHECK [A'][V']
         0.00447270        -0.00666611         0.00801108         0.00602081        -0.00141785        -0.00360738         0.00000002        -0.00000010        -0.00000006
         0.00450528         0.00682535         0.00777741        -0.00616612        -0.00209451        -0.00122264         0.00000002        -0.00000005         0.00000006
         0.00000104         0.00000019         0.00000142        -0.00000014         0.00000013         0.00000016        -0.00059561        -0.00000000        -0.00000000
         0.02116640         0.01603178        -0.00071269         0.00540035         0.00044951         0.00032429         0.00000001         0.00000001        -0.00009897
        -0.02634112         0.01300138         0.00079519         0.00426321        -0.00044522        -0.00086602        -0.00000001        -0.00000003         0.00011346
        -0.00000220        -0.00001351         0.00000011        -0.00000451        -0.00000009         0.00000013        -0.00000000         0.00000000         0.00000001
         0.00168405         0.00421979        -0.00831915        -0.00688787        -0.00136119        -0.00354111        -0.00000003         0.00000002        -0.00002403
         0.00139055        -0.00444539        -0.00825428         0.00691381        -0.00205875        -0.00118968        -0.00000004        -0.00000004        -0.00003335
        -0.00810587        -0.00015748         0.00115365        -0.00010214         0.00003880         0.00005093        -0.00000000        -0.00000001         0.00003854

CHECK {E}[V']
         0.00447270        -0.00666611         0.00801100         0.00602092        -0.00142133        -0.00360938         0.00000002        -0.00000000         0.00000000
         0.00450528         0.00682535         0.00777750        -0.00616600        -0.00209210        -0.00121650         0.00000002        -0.00000000         0.00000000
         0.00000104         0.00000019         0.00000142        -0.00000014         0.00000013         0.00000016        -0.00059561         0.00000000        -0.00000000
         0.02116640         0.01603178        -0.00071277         0.00540034         0.00044905         0.00032301         0.00000001         0.00000000        -0.00000000
        -0.02634112         0.01300138         0.00079513         0.00426322        -0.00044577        -0.00086598        -0.00000001        -0.00000000         0.00000000
        -0.00000220        -0.00001351         0.00000011        -0.00000451        -0.00000009         0.00000013        -0.00000000         0.00000000         0.00000000
         0.00168405         0.00421979        -0.00831906        -0.00688798        -0.00136058        -0.00354077        -0.00000003        -0.00000000        -0.00000000
         0.00139055        -0.00444539        -0.00825438         0.00691369        -0.00205698        -0.00118518        -0.00000004        -0.00000000        -0.00000000
        -0.00810587        -0.00015748         0.00115366        -0.00010212         0.00003864         0.00005087        -0.00000000        -0.00000000         0.00000000

EIGEN VECTOR [V]
         1.54305283        -1.60671508         1.08637785         0.61740475        -0.43721078        -1.11680896        -0.00010384        -0.00002117        -0.00365961
         1.53776616         1.62992401         1.04959553        -0.63164990        -0.64681085        -0.37381090        -0.00013377        -0.00001446        -0.00475065
        -0.43991839        -0.01250014         0.13758991        -0.01352886         0.01860725         0.02445370        51.43437977        -0.00000749         0.00223159
         2.63133218         1.68007682        -0.79499342         1.31524881        -0.12423797        -0.06256486        -0.00000214        -0.00000273        -0.01468118
        -2.66152240         1.68533412         0.80311703         1.28236495         0.07969250         0.21642976         0.00000163        -0.00000519         0.01269543
        -0.00000115         0.00001869        -0.00000188        -0.00010055         0.00001395        -0.00005500        -0.00000000         0.00000000         0.00000015
         0.11155391         0.32454247        -0.93958001        -0.82366917        -0.59162418        -1.50929270         0.00009845        -0.00001056        -0.00189456
         0.09584170        -0.34746725        -0.91724620         0.84423506        -0.87123668        -0.50350668         0.00012587        -0.00001881        -0.00436919
        -0.44143045        -0.01291752         0.13322522        -0.01304979         0.01712487         0.02257823         0.00000030        -0.00000751         0.00229120

EIGEN VALUE INVERSE {E}
         0.03553879
         0.02359477
         0.01675927
         0.01514553
         0.00436747
         0.00436013
        -0.00059561
         0.00000005
         0.00000000

ELEM 1001 EIGEN VALUE=    28.13827

ELEM 1002 OFFSET=2
[ke']
157         0.07347200         0.00000000         0.00000000         0.00000000         0.11020800         0.00000000        -0.07347200         0.00000000         0.00000000         0.00000000         0.11020800         0.00000000
158         0.00000000         0.07347200         0.00000000        -0.11020800         0.00000000         0.00000000         0.00000000        -0.07347200         0.00000000        -0.11020800         0.00000000         0.00000000
159         0.00000000         0.00000000      1008.00000000         0.00000000         0.00000000         0.00000000         0.00000000         0.00000000     -1008.00000000         0.00000000         0.00000000         0.00000000
160         0.00000000        -0.11020800         0.00000000         0.22041600         0.00000000         0.00000000         0.00000000         0.11020800         0.00000000         0.11020800         0.00000000         0.00000000
161         0.11020800         0.00000000         0.00000000         0.00000000         0.22041600         0.00000000        -0.11020800         0.00000000         0.00000000         0.00000000         0.11020800         0.00000000
162         0.00000000         0.00000000         0.00000000         0.00000000         0.00000000         0.00037800         0.00000000         0.00000000         0.00000000         0.00000000         0.00000000        -0.00037800
163        -0.07347200         0.00000000         0.00000000         0.00000000        -0.11020800         0.00000000         0.21499814         0.00873839         0.00541497        -0.00000173        -0.10309164         0.00851284
164         0.00000000        -0.07347200         0.00000000         0.11020800         0.00000000         0.00000000         0.00873839         0.14058537         0.00392446         0.08694515        -0.00000025        -0.03859138
165         0.00000000         0.00000000     -1008.00000000         0.00000000         0.00000000         0.00000000         0.00541497         0.00392446      1008.20129431        -0.14159523         0.05229168         0.00000282
166         0.00000000        -0.11020800         0.00000000         0.11020800         0.00000000         0.00000000        -0.00000173         0.08694515        -0.14159523         0.65605859        -0.00000002        -0.00000150
167         0.11020800         0.00000000         0.00000000         0.00000000         0.11020800         0.00000000        -0.10309164        -0.00000025         0.05229168        -0.00000002         0.37364206        -0.00000564
168         0.00000000         0.00000000         0.00000000         0.00000000         0.00000000        -0.00037800         0.00851284        -0.03859138         0.00000282        -0.00000150        -0.00000564         0.51186630
[kg']
157         0.00292030         0.00000000         0.00000000         0.00000000         0.00073008         0.00000000        -0.00292030         0.00000000         0.00000000         0.00000000         0.00073008        -0.00000000
158         0.00000000         0.00292030         0.00000000        -0.00073008         0.00000000        -0.00000000         0.00000000        -0.00292030         0.00000000        -0.00073008         0.00000000        -0.00000001
159         0.00000000         0.00000000         0.00000000         0.00000000         0.00000000         0.00000000         0.00000000         0.00000000         0.00000000         0.00000000         0.00000000         0.00000000
160         0.00000000        -0.00073008         0.00000000         0.00292030         0.00000000         0.00000001         0.00000000         0.00073008         0.00000000        -0.00073008         0.00000000        -0.00000001
161         0.00073008         0.00000000         0.00000000         0.00000000         0.00292030         0.00000000        -0.00073008         0.00000000         0.00000000         0.00000000        -0.00073008        -0.00000000
162         0.00000000        -0.00000000         0.00000000         0.00000001         0.00000000        -0.00000027        -0.00000000         0.00000000         0.00000000        -0.00000001        -0.00000000         0.00000027
163        -0.00292030         0.00000000         0.00000000         0.00000000        -0.00073008        -0.00000000         0.00292032        -0.00000000        -0.00000000        -0.00000000        -0.00073013         0.00000000
164         0.00000000        -0.00292030         0.00000000         0.00073008         0.00000000         0.00000000        -0.00000000         0.00292031        -0.00000000         0.00073007        -0.00000000         0.00000001
165         0.00000000         0.00000000         0.00000000         0.00000000         0.00000000         0.00000000        -0.00000000        -0.00000000        -0.00000000         0.00000000        -0.00000000        -0.00000000
166         0.00000000        -0.00073008         0.00000000        -0.00073008         0.00000000        -0.00000001        -0.00000000         0.00073007         0.00000000         0.00292031        -0.00000000         0.00000002
167         0.00073008         0.00000000         0.00000000         0.00000000        -0.00073008        -0.00000000        -0.00073013        -0.00000000        -0.00000000        -0.00000000         0.00292027         0.00000001
168        -0.00000000        -0.00000001         0.00000000        -0.00000001        -0.00000000         0.00000027         0.00000000         0.00000001        -0.00000000         0.00000002         0.00000001        -0.00000025
{CONF} :   1   1   1   0   0   0   0   0   0   0   0   0
[A]
         0.00292030         0.00000000         0.00000000         0.00000000         0.00073008         0.00000000        -0.00292030         0.00000000         0.00000000         0.00000000         0.00073008        -0.00000000
         0.00000000         0.00292030         0.00000000        -0.00073008         0.00000000        -0.00000000         0.00000000        -0.00292030         0.00000000        -0.00073008         0.00000000        -0.00000001
         0.00000000         0.00000000         0.00000000         0.00000000         0.00000000         0.00000000         0.00000000         0.00000000         0.00000000         0.00000000         0.00000000         0.00000000
         0.00000000        -0.00073008         0.00000000         0.00292030         0.00000000         0.00000001         0.00000000         0.00073008         0.00000000        -0.00073008         0.00000000        -0.00000001
         0.00073008         0.00000000         0.00000000         0.00000000         0.00292030         0.00000000        -0.00073008         0.00000000         0.00000000         0.00000000        -0.00073008        -0.00000000
         0.00000000        -0.00000000         0.00000000         0.00000001         0.00000000        -0.00000027        -0.00000000         0.00000000         0.00000000        -0.00000001        -0.00000000         0.00000027
        -0.00292030         0.00000000         0.00000000         0.00000000        -0.00073008        -0.00000000         0.00292032        -0.00000000        -0.00000000        -0.00000000        -0.00073013         0.00000000
         0.00000000        -0.00292030         0.00000000         0.00073008         0.00000000         0.00000000        -0.00000000         0.00292031        -0.00000000         0.00073007        -0.00000000         0.00000001
         0.00000000         0.00000000         0.00000000         0.00000000         0.00000000         0.00000000        -0.00000000        -0.00000000        -0.00000000         0.00000000        -0.00000000        -0.00000000
         0.00000000        -0.00073008         0.00000000        -0.00073008         0.00000000        -0.00000001        -0.00000000         0.00073007         0.00000000         0.00292031        -0.00000000         0.00000002
         0.00073008         0.00000000         0.00000000         0.00000000        -0.00073008        -0.00000000        -0.00073013        -0.00000000        -0.00000000        -0.00000000         0.00292027         0.00000001
        -0.00000000        -0.00000001         0.00000000        -0.00000001        -0.00000000         0.00000027         0.00000000         0.00000001        -0.00000000         0.00000002         0.00000001        -0.00000025

[B]
         0.07347200         0.00000000         0.00000000         0.00000000         0.11020800         0.00000000        -0.07347200         0.00000000         0.00000000         0.00000000         0.11020800         0.00000000
         0.00000000         0.07347200         0.00000000        -0.11020800         0.00000000         0.00000000         0.00000000        -0.07347200         0.00000000        -0.11020800         0.00000000         0.00000000
         0.00000000         0.00000000      1008.00000000         0.00000000         0.00000000         0.00000000         0.00000000         0.00000000     -1008.00000000         0.00000000         0.00000000         0.00000000
         0.00000000        -0.11020800         0.00000000         0.22041600         0.00000000         0.00000000         0.00000000         0.11020800         0.00000000         0.11020800         0.00000000         0.00000000
         0.11020800         0.00000000         0.00000000         0.00000000         0.22041600         0.00000000        -0.11020800         0.00000000         0.00000000         0.00000000         0.11020800         0.00000000
         0.00000000         0.00000000         0.00000000         0.00000000         0.00000000         0.00037800         0.00000000         0.00000000         0.00000000         0.00000000         0.00000000        -0.00037800
        -0.07347200         0.00000000         0.00000000         0.00000000        -0.11020800         0.00000000         0.21499814         0.00873839         0.00541497        -0.00000173        -0.10309164         0.00851284
         0.00000000        -0.07347200         0.00000000         0.11020800         0.00000000         0.00000000         0.00873839         0.14058537         0.00392446         0.08694515        -0.00000025        -0.03859138
         0.00000000         0.00000000     -1008.00000000         0.00000000         0.00000000         0.00000000         0.00541497         0.00392446      1008.20129431        -0.14159523         0.05229168         0.00000282
         0.00000000        -0.11020800         0.00000000         0.11020800         0.00000000         0.00000000        -0.00000173         0.08694515        -0.14159523         0.65605859        -0.00000002        -0.00000150
         0.11020800         0.00000000         0.00000000         0.00000000         0.11020800         0.00000000        -0.10309164        -0.00000025         0.05229168        -0.00000002         0.37364206        -0.00000564
         0.00000000         0.00000000         0.00000000         0.00000000         0.00000000        -0.00037800         0.00851284        -0.03859138         0.00000282        -0.00000150        -0.00000564         0.51186630

[A] FREE CONF PART
         0.00292030         0.00000000         0.00000001         0.00000000         0.00073008         0.00000000        -0.00073008         0.00000000        -0.00000001
         0.00000000         0.00292030         0.00000000        -0.00073008         0.00000000         0.00000000         0.00000000        -0.00073008        -0.00000000
         0.00000001         0.00000000        -0.00000027        -0.00000000         0.00000000         0.00000000        -0.00000001        -0.00000000         0.00000027
         0.00000000        -0.00073008        -0.00000000         0.00292032        -0.00000000        -0.00000000        -0.00000000        -0.00073013         0.00000000
         0.00073008         0.00000000         0.00000000        -0.00000000         0.00292031        -0.00000000         0.00073007        -0.00000000         0.00000001
         0.00000000         0.00000000         0.00000000        -0.00000000        -0.00000000        -0.00000000         0.00000000        -0.00000000        -0.00000000
        -0.00073008         0.00000000        -0.00000001        -0.00000000         0.00073007         0.00000000         0.00292031        -0.00000000         0.00000002
         0.00000000        -0.00073008        -0.00000000        -0.00073013        -0.00000000        -0.00000000        -0.00000000         0.00292027         0.00000001
