NODES=32 ELEMS=40 SECTS=3
CONDENSATION BEGIN
CONDENSED NODES=4 ELEMS=3
NODE  107
NODE  108
NODE  115
NODE  116
ELEM  1013
ELEM  1016
ELEM  1040

[ke']
  1         0.07347200         0.00000000         0.00000000         0.00000000         0.11020800         0.00000000        -0.07347200         0.00000000         0.00000000         0.00000000         0.11020800         0.00000000         0.00000000         0.00000000         0.00000000         0.00000000         0.00000000         0.00000000         0.00000000         0.00000000         0.00000000         0.00000000         0.00000000         0.00000000
  2         0.00000000         0.07347200         0.00000000        -0.11020800         0.00000000         0.00000000         0.00000000        -0.07347200         0.00000000        -0.11020800         0.00000000         0.00000000         0.00000000         0.00000000         0.00000000         0.00000000         0.00000000         0.00000000         0.00000000         0.00000000         0.00000000         0.00000000         0.00000000         0.00000000
  3         0.00000000         0.00000000      1008.00000000         0.00000000         0.00000000         0.00000000         0.00000000         0.00000000     -1008.00000000         0.00000000         0.00000000         0.00000000         0.00000000         0.00000000         0.00000000         0.00000000         0.00000000         0.00000000         0.00000000         0.00000000         0.00000000         0.00000000         0.00000000         0.00000000
  4         0.00000000        -0.11020800         0.00000000         0.22041600         0.00000000         0.00000000         0.00000000         0.11020800         0.00000000         0.11020800         0.00000000         0.00000000         0.00000000         0.00000000         0.00000000         0.00000000         0.00000000         0.00000000         0.00000000         0.00000000         0.00000000         0.00000000         0.00000000         0.00000000
  5         0.11020800         0.00000000         0.00000000         0.00000000         0.22041600         0.00000000        -0.11020800         0.00000000         0.00000000         0.00000000         0.11020800         0.00000000         0.00000000         0.00000000         0.00000000         0.00000000         0.00000000         0.00000000         0.00000000         0.00000000         0.00000000         0.00000000         0.00000000         0.00000000
  6         0.00000000         0.00000000         0.00000000         0.00000000         0.00000000         0.00037800         0.00000000         0.00000000         0.00000000         0.00000000         0.00000000        -0.00037800         0.00000000         0.00000000         0.00000000         0.00000000         0.00000000         0.00000000         0.00000000         0.00000000         0.00000000         0.00000000         0.00000000         0.00000000
  7        -0.07347200         0.00000000         0.00000000         0.00000000        -0.11020800         0.00000000       672.11724132         0.00727711        -0.00000007        -0.00000014        -0.11021837        -0.07421385         0.00000000         0.00000000         0.00000000         0.00000000         0.00000000         0.00000000      -672.02593256        -0.00843473        -0.00000053        -0.00000026        -0.00000395         0.01366556
  8         0.00000000        -0.07347200         0.00000000         0.11020800         0.00000000         0.00000000         0.00727711         0.17527214        -0.00726873         0.10293851        -0.00000099         0.04229641         0.00000000         0.00000000         0.00000000         0.00000000         0.00000000         0.00000000         0.01001218        -0.07131148        -0.00000271        -0.00000666        -0.00000054         0.05029077
  9         0.00000000         0.00000000     -1008.00000000         0.00000000         0.00000000         0.00000000        -0.00000007        -0.00726873      1008.07721161         0.09217501        -0.04898134         0.00000014         0.00000000         0.00000000         0.00000000         0.00000000         0.00000000         0.00000000        -0.00000024        -0.00000298        -0.02177669        -0.00000721        -0.04898134         0.00000017
 10         0.00000000        -0.11020800         0.00000000         0.11020800         0.00000000         0.00000000        -0.00000014         0.10293851         0.09217501         0.42304656        -0.00000001         0.00000026         0.00000000         0.00000000         0.00000000         0.00000000         0.00000000         0.00000000        -0.00000041        -0.00000299        -0.00000721        -0.00025921        -0.00000000         0.00000028
 11         0.11020800         0.00000000         0.00000000         0.00000000         0.11020800         0.00000000        -0.11021837        -0.00000099        -0.04898134        -0.00000001         0.36773752         0.00001725         0.00000000         0.00000000         0.00000000         0.00000000         0.00000000         0.00000000        -0.00002597        -0.00000192         0.04898134         0.00000001         0.07347207         0.00001633
 12         0.00000000         0.00000000         0.00000000         0.00000000         0.00000000        -0.00037800        -0.07421385         0.04229641         0.00000014         0.00000026         0.00001725         0.32127906         0.00000000         0.00000000         0.00000000         0.00000000         0.00000000         0.00000000         0.04168929        -0.03938292         0.00000083         0.00000062         0.00000658         0.04990139
 13         0.00000000         0.00000000         0.00000000         0.00000000         0.00000000         0.00000000         0.00000000         0.00000000         0.00000000         0.00000000         0.00000000         0.00000000         0.07347200         0.00000000         0.00000000         0.00000000         0.11020800         0.00000000        -0.07347200         0.00000000         0.00000000         0.00000000         0.11020800         0.00000000
 14         0.00000000         0.00000000         0.00000000         0.00000000         0.00000000         0.00000000         0.00000000         0.00000000         0.00000000         0.00000000         0.00000000         0.00000000         0.00000000         0.07347200         0.00000000        -0.11020800         0.00000000         0.00000000         0.00000000        -0.07347200         0.00000000        -0.11020800         0.00000000         0.00000000
 15         0.00000000         0.00000000         0.00000000         0.00000000         0.00000000         0.00000000         0.00000000         0.00000000         0.00000000         0.00000000         0.00000000         0.00000000         0.00000000         0.00000000      1008.00000000         0.00000000         0.00000000         0.00000000         0.00000000         0.00000000     -1008.00000000         0.00000000         0.00000000         0.00000000
 16         0.00000000         0.00000000         0.00000000         0.00000000         0.00000000         0.00000000         0.00000000         0.00000000         0.00000000         0.00000000         0.00000000         0.00000000         0.00000000        -0.11020800         0.00000000         0.22041600         0.00000000         0.00000000         0.00000000         0.11020800         0.00000000         0.11020800         0.00000000         0.00000000
 17         0.00000000         0.00000000         0.00000000         0.00000000         0.00000000         0.00000000         0.00000000         0.00000000         0.00000000         0.00000000         0.00000000         0.00000000         0.11020800         0.00000000         0.00000000         0.00000000         0.22041600         0.00000000        -0.11020800         0.00000000         0.00000000         0.00000000         0.11020800         0.00000000
 18         0.00000000         0.00000000         0.00000000         0.00000000         0.00000000         0.00000000         0.00000000         0.00000000         0.00000000         0.00000000         0.00000000         0.00000000         0.00000000         0.00000000         0.00000000         0.00000000         0.00000000         0.00037800         0.00000000         0.00000000         0.00000000         0.00000000         0.00000000        -0.00037800
 19         0.00000000         0.00000000         0.00000000         0.00000000         0.00000000         0.00000000      -672.02593256         0.01001218        -0.00000024        -0.00000041        -0.00002597         0.04168929        -0.07347200         0.00000000         0.00000000         0.00000000        -0.11020800         0.00000000       672.16379961         0.01036916        -0.00858568         0.00000448        -0.10163339        -0.05039567
 20         0.00000000         0.00000000         0.00000000         0.00000000         0.00000000         0.00000000        -0.00843473        -0.07131148        -0.00000298        -0.00000299        -0.00000192        -0.03938292         0.00000000        -0.07347200         0.00000000         0.11020800         0.00000000         0.00000000         0.01036916         0.24467659        -0.00726702         0.10297713         0.00000043        -0.02294377
 21         0.00000000         0.00000000         0.00000000         0.00000000         0.00000000         0.00000000        -0.00000053        -0.00000271        -0.02177669        -0.00000721         0.04898134         0.00000083         0.00000000         0.00000000     -1008.00000000         0.00000000         0.00000000         0.00000000        -0.00858568        -0.00726702      1008.12780759         0.09218582        -0.03833763        -0.00000052
 22         0.00000000         0.00000000         0.00000000         0.00000000         0.00000000         0.00000000        -0.00000026        -0.00000666        -0.00000721        -0.00025921         0.00000001         0.00000062         0.00000000        -0.11020800         0.00000000         0.11020800         0.00000000         0.00000000         0.00000448         0.10297713         0.09218582         0.42343495        -0.00000001         0.00001329
 23         0.00000000         0.00000000         0.00000000         0.00000000         0.00000000         0.00000000        -0.00000395        -0.00000054        -0.04898134        -0.00000000         0.07347207         0.00000658         0.11020800         0.00000000         0.00000000         0.00000000         0.11020800         0.00000000        -0.10163339         0.00000043        -0.03833763        -0.00000001         0.56526113         0.00000665
 24         0.00000000         0.00000000         0.00000000         0.00000000         0.00000000         0.00000000         0.01366556         0.05029077         0.00000017         0.00000028         0.00001633         0.04990139         0.00000000         0.00000000         0.00000000         0.00000000         0.00000000        -0.00037800        -0.05039567        -0.02294377        -0.00000052         0.00001329         0.00000665         0.50566489
[kg']
  1         0.00235874         0.00000000         0.00000000         0.00000000         0.00058968         0.00000000        -0.00235874         0.00000000         0.00000000         0.00000000         0.00058968         0.00000001         0.00000000         0.00000000         0.00000000         0.00000000         0.00000000         0.00000000         0.00000000         0.00000000         0.00000000         0.00000000         0.00000000         0.00000000
  2         0.00000000         0.00235874         0.00000000        -0.00058968         0.00000000         0.00000000         0.00000000        -0.00235874         0.00000000        -0.00058968         0.00000000         0.00000001         0.00000000         0.00000000         0.00000000         0.00000000         0.00000000         0.00000000         0.00000000         0.00000000         0.00000000         0.00000000         0.00000000         0.00000000
  3         0.00000000         0.00000000         0.00000000         0.00000000         0.00000000         0.00000000         0.00000000         0.00000000         0.00000000         0.00000000         0.00000000         0.00000000         0.00000000         0.00000000         0.00000000         0.00000000         0.00000000         0.00000000         0.00000000         0.00000000         0.00000000         0.00000000         0.00000000         0.00000000
  4         0.00000000        -0.00058968         0.00000000         0.00235874         0.00000000        -0.00000001         0.00000000         0.00058968         0.00000000        -0.00058968         0.00000000         0.00000001         0.00000000         0.00000000         0.00000000         0.00000000         0.00000000         0.00000000         0.00000000         0.00000000         0.00000000         0.00000000         0.00000000         0.00000000
  5         0.00058968         0.00000000         0.00000000         0.00000000         0.00235874        -0.00000001        -0.00058968         0.00000000         0.00000000         0.00000000        -0.00058968         0.00000001         0.00000000         0.00000000         0.00000000         0.00000000         0.00000000         0.00000000         0.00000000         0.00000000         0.00000000         0.00000000         0.00000000         0.00000000
  6         0.00000000         0.00000000         0.00000000        -0.00000001        -0.00000001        -0.00000021         0.00000000         0.00000000         0.00000000         0.00000001         0.00000001         0.00000021         0.00000000         0.00000000         0.00000000         0.00000000         0.00000000         0.00000000         0.00000000         0.00000000         0.00000000         0.00000000         0.00000000         0.00000000
  7        -0.00235874         0.00000000         0.00000000         0.00000000        -0.00058968         0.00000000         0.00235874         0.00000000         0.00000000        -0.00000000        -0.00058968        -0.00000001         0.00000000         0.00000000         0.00000000         0.00000000         0.00000000         0.00000000        -0.00000000         0.00000000        -0.00000000        -0.00000000         0.00000000        -0.00000000
  8         0.00000000        -0.00235874         0.00000000         0.00058968         0.00000000         0.00000000         0.00000000         0.00235874         0.00000000         0.00058968         0.00000000        -0.00000001         0.00000000         0.00000000         0.00000000         0.00000000         0.00000000         0.00000000         0.00000000        -0.00000000         0.00000000        -0.00000001         0.00000000         0.00000000
  9         0.00000000         0.00000000         0.00000000         0.00000000         0.00000000         0.00000000         0.00000000         0.00000000         0.00000000         0.00000000        -0.00000000         0.00000000         0.00000000         0.00000000         0.00000000         0.00000000         0.00000000         0.00000000         0.00000000        -0.00000000        -0.00000000        -0.00000000        -0.00000000         0.00000000
 10         0.00000000        -0.00058968         0.00000000        -0.00058968         0.00000000         0.00000001        -0.00000000         0.00058968         0.00000000         0.00235874         0.00000000        -0.00000002         0.00000000         0.00000000         0.00000000         0.00000000         0.00000000         0.00000000         0.00000000         0.00000001        -0.00000000        -0.00000000         0.00000000         0.00000002
 11         0.00058968         0.00000000         0.00000000         0.00000000        -0.00058968         0.00000001        -0.00058968         0.00000000        -0.00000000         0.00000000         0.00235874        -0.00000001         0.00000000         0.00000000         0.00000000         0.00000000         0.00000000         0.00000000         0.00000000        -0.00000000         0.00000000         0.00000000        -0.00000000         0.00000000
 12         0.00000001         0.00000001         0.00000000         0.00000001         0.00000001         0.00000021        -0.00000001        -0.00000001         0.00000000        -0.00000002        -0.00000001        -0.00000020         0.00000000         0.00000000         0.00000000         0.00000000         0.00000000         0.00000000        -0.00000000        -0.00000000        -0.00000000         0.00000001         0.00000000        -0.00000000
 13         0.00000000         0.00000000         0.00000000         0.00000000         0.00000000         0.00000000         0.00000000         0.00000000         0.00000000         0.00000000         0.00000000         0.00000000         0.00303264         0.00000000         0.00000000         0.00000000         0.00075816         0.00000000        -0.00303264         0.00000000         0.00000000         0.00000000         0.00075816         0.00000001
 14         0.00000000         0.00000000         0.00000000         0.00000000         0.00000000         0.00000000         0.00000000         0.00000000         0.00000000         0.00000000         0.00000000         0.00000000         0.00000000         0.00303264         0.00000000        -0.00075816         0.00000000         0.00000000         0.00000000        -0.00303264         0.00000000        -0.00075816         0.00000000         0.00000001
 15         0.00000000         0.00000000         0.00000000         0.00000000         0.00000000         0.00000000         0.00000000         0.00000000         0.00000000         0.00000000         0.00000000         0.00000000         0.00000000         0.00000000         0.00000000         0.00000000         0.00000000         0.00000000         0.00000000         0.00000000         0.00000000         0.00000000         0.00000000         0.00000000
 16         0.00000000         0.00000000         0.00000000         0.00000000         0.00000000         0.00000000         0.00000000         0.00000000         0.00000000         0.00000000         0.00000000         0.00000000         0.00000000        -0.00075816         0.00000000         0.00303264         0.00000000        -0.00000001         0.00000000         0.00075816         0.00000000        -0.00075816         0.00000000         0.00000001
 17         0.00000000         0.00000000         0.00000000         0.00000000         0.00000000         0.00000000         0.00000000         0.00000000         0.00000000         0.00000000         0.00000000         0.00000000         0.00075816         0.00000000         0.00000000         0.00000000         0.00303264        -0.00000001        -0.00075816         0.00000000         0.00000000         0.00000000        -0.00075816         0.00000001
 18         0.00000000         0.00000000         0.00000000         0.00000000         0.00000000         0.00000000         0.00000000         0.00000000         0.00000000         0.00000000         0.00000000         0.00000000         0.00000000         0.00000000         0.00000000        -0.00000001        -0.00000001        -0.00000028         0.00000000         0.00000000         0.00000000         0.00000001         0.00000001         0.00000028
 19         0.00000000         0.00000000         0.00000000         0.00000000         0.00000000         0.00000000        -0.00000000         0.00000000         0.00000000         0.00000000         0.00000000        -0.00000000        -0.00303264         0.00000000         0.00000000         0.00000000        -0.00075816         0.00000000         0.00303264         0.00000000        -0.00000000        -0.00000000        -0.00075815        -0.00000001
 20         0.00000000         0.00000000         0.00000000         0.00000000         0.00000000         0.00000000         0.00000000        -0.00000000        -0.00000000         0.00000001        -0.00000000        -0.00000000         0.00000000        -0.00303264         0.00000000         0.00075816         0.00000000         0.00000000         0.00000000         0.00303265         0.00000000         0.00075818        -0.00000000        -0.00000001
 21         0.00000000         0.00000000         0.00000000         0.00000000         0.00000000         0.00000000        -0.00000000         0.00000000        -0.00000000        -0.00000000         0.00000000        -0.00000000         0.00000000         0.00000000         0.00000000         0.00000000         0.00000000         0.00000000        -0.00000000         0.00000000         0.00000000         0.00000000         0.00000000        -0.00000000
 22         0.00000000         0.00000000         0.00000000         0.00000000         0.00000000         0.00000000        -0.00000000        -0.00000001        -0.00000000        -0.00000000         0.00000000         0.00000001         0.00000000        -0.00075816         0.00000000        -0.00075816         0.00000000         0.00000001        -0.00000000         0.00075818         0.00000000         0.00303264         0.00000000        -0.00000002
 23         0.00000000         0.00000000         0.00000000         0.00000000         0.00000000         0.00000000         0.00000000         0.00000000        -0.00000000         0.00000000        -0.00000000         0.00000000         0.00075816         0.00000000         0.00000000         0.00000000        -0.00075816         0.00000001        -0.00075815        -0.00000000         0.00000000         0.00000000         0.00303265        -0.00000001
 24         0.00000000         0.00000000         0.00000000         0.00000000         0.00000000         0.00000000        -0.00000000         0.00000000         0.00000000         0.00000002         0.00000000        -0.00000000         0.00000001         0.00000001         0.00000000         0.00000001         0.00000001         0.00000028        -0.00000001        -0.00000001        -0.00000000        -0.00000002        -0.00000001        -0.00000026
{CONF} :   1   1   1   0   0   0   0   0   0   0   0   0   1   1   1   0   0   0   0   0   0   0   0   0
EIGEN VECTOR [V]
         0.00000000
         0.00000000
         0.00000000
         0.97129525
         1.41438467
         0.39927998
         3.00816049
        -1.94632230
        -0.00000769
         0.16667901
         0.38737622
         0.39969229
         0.00000000
         0.00000000
         0.00000000
         0.47392383
         1.69529483
         0.32757792
         3.00807226
        -0.89686635
        -0.00000300
         0.06000361
         0.05681181
         0.33215922
EIGEN VALUE INVERSE {E}
         0.05819250

EIGEN VALUE=    17.18434
COMPLETED.
