NODES=12 ELEMS=17 SECTS=2
CONDENSATION BEGIN

ELEM 1001 OFFSET=1
[ke']
  1      1441.30788114         0.00000000       673.93887493         0.00000000         0.07368818         0.00000000      -860.65176114         0.00000000      -286.86300988         0.00000000         0.03136575         0.00000000
  2         0.00000000         0.10505392         0.00000000        -0.07368818         0.00000000         0.15758089         0.00000000        -0.06273149         0.00000000        -0.03136575         0.00000000         0.09409724
  3       673.93887493         0.00000000       353.77663391         0.00000000        -0.15758089         0.00000000      -286.86300988         0.00000000       -95.68373479         0.00000000        -0.09409724         0.00000000
  4         0.00000000        -0.07368818         0.00000000         0.07788089         0.00000000        -0.14712361         0.00000000         0.03136575         0.00000000         0.01013251         0.00000000        -0.03147333
  5         0.07368818         0.00000000        -0.15758089         0.00000000         0.39250218         0.00000000        -0.03136575         0.00000000         0.09409724         0.00000000         0.10455249         0.00000000
  6         0.00000000         0.15758089         0.00000000        -0.14712361         0.00000000         0.31529441         0.00000000        -0.09409724         0.00000000        -0.03147333         0.00000000         0.09406138
  7      -860.65176114         0.00000000      -286.86300988         0.00000000        -0.03136575         0.00000000       974.78264408         0.00000000       325.20185946         0.00000000         0.58127085         0.00000000
  8         0.00000000        -0.06273149         0.00000000         0.03136575         0.00000000        -0.09409724         0.00000000         2.10920699         0.00000000        -0.99187200         0.00000000         0.00000000
  9      -286.86300988         0.00000000       -95.68373479         0.00000000         0.09409724         0.00000000       325.20185946         0.00000000       108.75675816         0.00000000         0.46380903         0.00000000
 10         0.00000000        -0.03136575         0.00000000         0.01013251         0.00000000        -0.03147333         0.00000000        -0.99187200         0.00000000         0.70371448         0.00000000        -0.12524782
 11         0.03136575         0.00000000        -0.09409724         0.00000000         0.10455249         0.00000000         0.58127085         0.00000000         0.46380903         0.00000000         0.93369502         0.00000000
 12         0.00000000         0.09409724         0.00000000        -0.03147333         0.00000000         0.09406138         0.00000000         0.00000000         0.00000000        -0.12524782         0.00000000         0.37759468
[kg']
  1         0.03110118         0.00000000        -0.05552997         0.00000000         0.01857279         0.00000000        -0.00591880         0.00000000         0.01775639         0.00000000         0.00493233         0.00000000
  2         0.00000000         0.14103072         0.00000000        -0.02866286         0.00000000         0.03052537         0.00000000        -0.05918797         0.00000000        -0.00734434         0.00000000         0.01399299
  3        -0.05552997         0.00000000         0.10992954         0.00000000        -0.03525768         0.00000000         0.01775639         0.00000000        -0.05326918         0.00000000        -0.01479699         0.00000000
  4         0.00000000        -0.02866286         0.00000000         0.04965731         0.00000000        -0.07965989         0.00000000         0.01091554         0.00000000        -0.00443766         0.00000000         0.00866516
  5         0.01857279         0.00000000        -0.03525768         0.00000000         0.18398172         0.00000000        -0.00493233         0.00000000         0.01479699         0.00000000        -0.01644110         0.00000000
  6         0.00000000         0.03052537         0.00000000        -0.07965989         0.00000000         0.13431156         0.00000000        -0.01280259         0.00000000         0.00866516         0.00000000        -0.01199805
  7        -0.00591880         0.00000000         0.01775639         0.00000000        -0.00493233         0.00000000         0.00653985         0.00000000        -0.01961955         0.00000000        -0.00423440         0.00000000
  8         0.00000000        -0.05918797         0.00000000         0.01091554         0.00000000        -0.01280259         0.00000000         0.12190434         0.00000000         0.00115630         0.00000000         0.00949524
  9         0.01775639         0.00000000        -0.05326918         0.00000000         0.01479699         0.00000000        -0.01961955         0.00000000         0.05885864         0.00000000         0.01270320         0.00000000
 10         0.00000000        -0.00734434         0.00000000        -0.00443766         0.00000000         0.00866516         0.00000000         0.00115630         0.00000000         0.01815266         0.00000000        -0.04619851
 11         0.00493233         0.00000000        -0.01479699         0.00000000        -0.01644110         0.00000000        -0.00423440         0.00000000         0.01270320         0.00000000         0.11768397         0.00000000
 12         0.00000000         0.01399299         0.00000000         0.00866516         0.00000000        -0.01199805         0.00000000         0.00949524         0.00000000        -0.04619851         0.00000000         0.10482170
{CONF} :   1   1   1   1   1   1   0   1   0   1   0   1
[A]
         0.03110118         0.00000000        -0.05552997         0.00000000         0.01857279         0.00000000        -0.00591880         0.00000000         0.01775639         0.00000000         0.00493233         0.00000000
         0.00000000         0.14103072         0.00000000        -0.02866286         0.00000000         0.03052537         0.00000000        -0.05918797         0.00000000        -0.00734434         0.00000000         0.01399299
        -0.05552997         0.00000000         0.10992954         0.00000000        -0.03525768         0.00000000         0.01775639         0.00000000        -0.05326918         0.00000000        -0.01479699         0.00000000
         0.00000000        -0.02866286         0.00000000         0.04965731         0.00000000        -0.07965989         0.00000000         0.01091554         0.00000000        -0.00443766         0.00000000         0.00866516
         0.01857279         0.00000000        -0.03525768         0.00000000         0.18398172         0.00000000        -0.00493233         0.00000000         0.01479699         0.00000000        -0.01644110         0.00000000
         0.00000000         0.03052537         0.00000000        -0.07965989         0.00000000         0.13431156         0.00000000        -0.01280259         0.00000000         0.00866516         0.00000000        -0.01199805
        -0.00591880         0.00000000         0.01775639         0.00000000        -0.00493233         0.00000000         0.00653985         0.00000000        -0.01961955         0.00000000        -0.00423440         0.00000000
         0.00000000        -0.05918797         0.00000000         0.01091554         0.00000000        -0.01280259         0.00000000         0.12190434         0.00000000         0.00115630         0.00000000         0.00949524
         0.01775639         0.00000000        -0.05326918         0.00000000         0.01479699         0.00000000        -0.01961955         0.00000000         0.05885864         0.00000000         0.01270320         0.00000000
         0.00000000        -0.00734434         0.00000000        -0.00443766         0.00000000         0.00866516         0.00000000         0.00115630         0.00000000         0.01815266         0.00000000        -0.04619851
         0.00493233         0.00000000        -0.01479699         0.00000000        -0.01644110         0.00000000        -0.00423440         0.00000000         0.01270320         0.00000000         0.11768397         0.00000000
         0.00000000         0.01399299         0.00000000         0.00866516         0.00000000        -0.01199805         0.00000000         0.00949524         0.00000000        -0.04619851         0.00000000         0.10482170

[B]
      1441.30788114         0.00000000       673.93887493         0.00000000         0.07368818         0.00000000      -860.65176114         0.00000000      -286.86300988         0.00000000         0.03136575         0.00000000
         0.00000000         0.10505392         0.00000000        -0.07368818         0.00000000         0.15758089         0.00000000        -0.06273149         0.00000000        -0.03136575         0.00000000         0.09409724
       673.93887493         0.00000000       353.77663391         0.00000000        -0.15758089         0.00000000      -286.86300988         0.00000000       -95.68373479         0.00000000        -0.09409724         0.00000000
         0.00000000        -0.07368818         0.00000000         0.07788089         0.00000000        -0.14712361         0.00000000         0.03136575         0.00000000         0.01013251         0.00000000        -0.03147333
         0.07368818         0.00000000        -0.15758089         0.00000000         0.39250218         0.00000000        -0.03136575         0.00000000         0.09409724         0.00000000         0.10455249         0.00000000
         0.00000000         0.15758089         0.00000000        -0.14712361         0.00000000         0.31529441         0.00000000        -0.09409724         0.00000000        -0.03147333         0.00000000         0.09406138
      -860.65176114         0.00000000      -286.86300988         0.00000000        -0.03136575         0.00000000       974.78264408         0.00000000       325.20185946         0.00000000         0.58127085         0.00000000
         0.00000000        -0.06273149         0.00000000         0.03136575         0.00000000        -0.09409724         0.00000000         2.10920699         0.00000000        -0.99187200         0.00000000         0.00000000
      -286.86300988         0.00000000       -95.68373479         0.00000000         0.09409724         0.00000000       325.20185946         0.00000000       108.75675816         0.00000000         0.46380903         0.00000000
         0.00000000        -0.03136575         0.00000000         0.01013251         0.00000000        -0.03147333         0.00000000        -0.99187200         0.00000000         0.70371448         0.00000000        -0.12524782
         0.03136575         0.00000000        -0.09409724         0.00000000         0.10455249         0.00000000         0.58127085         0.00000000         0.46380903         0.00000000         0.93369502         0.00000000
         0.00000000         0.09409724         0.00000000        -0.03147333         0.00000000         0.09406138         0.00000000         0.00000000         0.00000000        -0.12524782         0.00000000         0.37759468

[A] FREE CONF PART
         0.00653985        -0.01961955        -0.00423440
        -0.01961955         0.05885864         0.01270320
        -0.00423440         0.01270320         0.11768397

[B] FREE CONF PART
       974.78264408       325.20185946         0.58127085
       325.20185946       108.75675816         0.46380903
         0.58127085         0.46380903         0.93369502

DECOMPOSED [B] FREE CONF
         0.03202920        10.41595575         0.01861764
       325.20185946         1.94395131         0.52465012
         0.58127085         0.46380903         1.23269927

CHECK:[L][Lt]=[B]
       974.78264408       325.20185946         0.58127085
                          108.75675816         0.46380903
                                               0.93369502

TRANSFORMED FULL [A']
  7         0.00000671        -0.00135742         0.00071055
  9        -0.00135742         0.27464350        -0.14376470
 11         0.00071055        -0.14376470         0.24991526

TRANSFORMED [A']
         0.00000671        -0.00135742         0.00071055
        -0.00135742         0.27464350        -0.14376470
         0.00071055        -0.14376470         0.24991526

EIGEN VECTOR [V']
         0.00332747         0.00183198        -0.00041286
        -0.67323893        -0.37066021         0.08353314
         0.61781774        -0.40392006         0.78216145

EIGEN VALUE {E}
         0.40658017
         0.11798530
        -0.00000000

CHECK [A'][V']
         0.00135288         0.00021615         0.00044238
        -0.27372560        -0.04373246        -0.08950481
         0.25119244        -0.04765663         0.18346467

CHECK {E}[V']
         0.00135288         0.00021615         0.00000000
        -0.27372560        -0.04373246        -0.00000000
         0.25119244        -0.04765663        -0.00000000

EIGEN VECTOR [V]
         0.69539875         0.07132473         0.27329851
        -2.08547833        -0.21272784        -0.82096695
         0.76158348        -0.49791197         0.96416984

EIGEN VALUE INVERSE {E}
         0.40658017
         0.11798530
        -0.00000000

ELEM 1001 EIGEN VALUE=     2.45954

ELEM 1002 OFFSET=2
[ke']
  7      1722.31689276         0.00000000       574.38945472         0.00000000         0.66782985         0.00000000      -860.72875373         0.00000000      -286.96551707         0.00000000         0.05308460         0.00000000
  8         0.00000000         2.10920699         0.00000000        -0.99187200         0.00000000         0.00000000         0.00000000        -0.06273149         0.00000000        -0.03136575         0.00000000         0.09409724
  9       574.38945472         0.00000000       191.91142620         0.00000000         0.44114189         0.00000000      -286.88410433         0.00000000       -95.79102446         0.00000000        -0.05684599         0.00000000
 10         0.00000000        -0.99187200         0.00000000         0.70371448         0.00000000        -0.12524782         0.00000000         0.03136575         0.00000000         0.01013251         0.00000000        -0.03147333
 11         0.66782985         0.00000000         0.44114189         0.00000000         0.97105579         0.00000000        -0.09416955         0.00000000         0.04753063         0.00000000         0.11170314         0.00000000
 12         0.00000000         0.00000000         0.00000000        -0.12524782         0.00000000         0.37759468         0.00000000        -0.09409724         0.00000000        -0.03147333         0.00000000         0.09406138
 19      -860.72875373         0.00000000      -286.88410433         0.00000000        -0.09416955         0.00000000       991.17265879         0.00000000       330.37966340         0.00000000         0.15090597         0.00000000
 20         0.00000000        -0.06273149         0.00000000         0.03136575         0.00000000        -0.09409724         0.00000000         0.37343099         0.00000000        -0.24796800         0.00000000         0.00000000
 21      -286.96551707         0.00000000       -95.79102446         0.00000000         0.04753063         0.00000000       330.37966340         0.00000000       110.35991141         0.00000000         0.12869137         0.00000000
 22         0.00000000        -0.03136575         0.00000000         0.01013251         0.00000000        -0.03147333         0.00000000        -0.24796800         0.00000000         0.37309048         0.00000000        -0.12524782
 23         0.05308460         0.00000000        -0.05684599         0.00000000         0.11170314         0.00000000         0.15090597         0.00000000         0.12869137         0.00000000         0.68745403         0.00000000
 24         0.00000000         0.09409724         0.00000000        -0.03147333         0.00000000         0.09406138         0.00000000         0.00000000         0.00000000        -0.12524782         0.00000000         0.37702768
[kg']
  7         0.01094405         0.00000000        -0.03283216         0.00000000        -0.00074462         0.00000000        -0.00502526         0.00000000         0.01507577         0.00000000         0.00418771         0.00000000
  8         0.00000000         0.12190434         0.00000000         0.00115630         0.00000000         0.00949524         0.00000000        -0.05025256         0.00000000        -0.00868093         0.00000000         0.01106540
  9        -0.03283216         0.00000000         0.09849648         0.00000000         0.00223385         0.00000000         0.01507577         0.00000000        -0.04522731         0.00000000        -0.01256314         0.00000000
 10         0.00000000         0.00115630         0.00000000         0.01815266         0.00000000        -0.04619851         0.00000000         0.00514939         0.00000000        -0.00321008         0.00000000         0.00661348
 11        -0.00074462         0.00000000         0.00223385         0.00000000         0.12289808         0.00000000        -0.00418954         0.00000000         0.01256861         0.00000000        -0.01396222         0.00000000
 12         0.00000000         0.00949524         0.00000000        -0.04619851         0.00000000         0.10482170         0.00000000        -0.01224258         0.00000000         0.00661348         0.00000000        -0.01074438
 19        -0.00502526         0.00000000         0.01507577         0.00000000        -0.00418954         0.00000000         0.00575149         0.00000000        -0.01725448         0.00000000        -0.00331297         0.00000000
 20         0.00000000        -0.05025256         0.00000000         0.00514939         0.00000000        -0.01224258         0.00000000         0.13096104         0.00000000         0.01813990         0.00000000        -0.01169835
 21         0.01507577         0.00000000        -0.04522731         0.00000000         0.01256861         0.00000000        -0.01725448         0.00000000         0.05176343         0.00000000         0.00993892         0.00000000
 22         0.00000000        -0.00868093         0.00000000        -0.00321008         0.00000000         0.00661348         0.00000000         0.01813990         0.00000000         0.01075235         0.00000000        -0.00971480
 23         0.00418771         0.00000000        -0.01256314         0.00000000        -0.01396222         0.00000000        -0.00331297         0.00000000         0.00993892         0.00000000         0.12592039         0.00000000
 24         0.00000000         0.01106540         0.00000000         0.00661348         0.00000000        -0.01074438         0.00000000        -0.01169835         0.00000000        -0.00971480         0.00000000         0.12234334
{CONF} :   0   1   0   1   0   1   0   1   0   1   0   1
[A]
         0.01094405         0.00000000        -0.03283216         0.00000000        -0.00074462         0.00000000        -0.00502526         0.00000000         0.01507577         0.00000000         0.00418771         0.00000000
         0.00000000         0.12190434         0.00000000         0.00115630         0.00000000         0.00949524         0.00000000        -0.05025256         0.00000000        -0.00868093         0.00000000         0.01106540
        -0.03283216         0.00000000         0.09849648         0.00000000         0.00223385         0.00000000         0.01507577         0.00000000        -0.04522731         0.00000000        -0.01256314         0.00000000
         0.00000000         0.00115630         0.00000000         0.01815266         0.00000000        -0.04619851         0.00000000         0.00514939         0.00000000        -0.00321008         0.00000000         0.00661348
        -0.00074462         0.00000000         0.00223385         0.00000000         0.12289808         0.00000000        -0.00418954         0.00000000         0.01256861         0.00000000        -0.01396222         0.00000000
         0.00000000         0.00949524         0.00000000        -0.04619851         0.00000000         0.10482170         0.00000000        -0.01224258         0.00000000         0.00661348         0.00000000        -0.01074438
        -0.00502526         0.00000000         0.01507577         0.00000000        -0.00418954         0.00000000         0.00575149         0.00000000        -0.01725448         0.00000000        -0.00331297         0.00000000
         0.00000000        -0.05025256         0.00000000         0.00514939         0.00000000        -0.01224258         0.00000000         0.13096104         0.00000000         0.01813990         0.00000000        -0.01169835
         0.01507577         0.00000000        -0.04522731         0.00000000         0.01256861         0.00000000        -0.01725448         0.00000000         0.05176343         0.00000000         0.00993892         0.00000000
         0.00000000        -0.00868093         0.00000000        -0.00321008         0.00000000         0.00661348         0.00000000         0.01813990         0.00000000         0.01075235         0.00000000        -0.00971480
         0.00418771         0.00000000        -0.01256314         0.00000000        -0.01396222         0.00000000        -0.00331297         0.00000000         0.00993892         0.00000000         0.12592039         0.00000000
         0.00000000         0.01106540         0.00000000         0.00661348         0.00000000        -0.01074438         0.00000000        -0.01169835         0.00000000        -0.00971480         0.00000000         0.12234334

[B]
      1722.31689276         0.00000000       574.38945472         0.00000000         0.66782985         0.00000000      -860.72875373         0.00000000      -286.96551707         0.00000000         0.05308460         0.00000000
         0.00000000         2.10920699         0.00000000        -0.99187200         0.00000000         0.00000000         0.00000000        -0.06273149         0.00000000        -0.03136575         0.00000000         0.09409724
       574.38945472         0.00000000       191.91142620         0.00000000         0.44114189         0.00000000      -286.88410433         0.00000000       -95.79102446         0.00000000        -0.05684599         0.00000000
         0.00000000        -0.99187200         0.00000000         0.70371448         0.00000000        -0.12524782         0.00000000         0.03136575         0.00000000         0.01013251         0.00000000        -0.03147333
         0.66782985         0.00000000         0.44114189         0.00000000         0.97105579         0.00000000        -0.09416955         0.00000000         0.04753063         0.00000000         0.11170314         0.00000000
         0.00000000         0.00000000         0.00000000        -0.12524782         0.00000000         0.37759468         0.00000000        -0.09409724         0.00000000        -0.03147333         0.00000000         0.09406138
      -860.72875373         0.00000000      -286.88410433         0.00000000        -0.09416955         0.00000000       991.17265879         0.00000000       330.37966340         0.00000000         0.15090597         0.00000000
         0.00000000        -0.06273149         0.00000000         0.03136575         0.00000000        -0.09409724         0.00000000         0.37343099         0.00000000        -0.24796800         0.00000000         0.00000000
      -286.96551707         0.00000000       -95.79102446         0.00000000         0.04753063         0.00000000       330.37966340         0.00000000       110.35991141         0.00000000         0.12869137         0.00000000
         0.00000000        -0.03136575         0.00000000         0.01013251         0.00000000        -0.03147333         0.00000000        -0.24796800         0.00000000         0.37309048         0.00000000        -0.12524782
         0.05308460         0.00000000        -0.05684599         0.00000000         0.11170314         0.00000000         0.15090597         0.00000000         0.12869137         0.00000000         0.68745403         0.00000000
         0.00000000         0.09409724         0.00000000        -0.03147333         0.00000000         0.09406138         0.00000000         0.00000000         0.00000000        -0.12524782         0.00000000         0.37702768

[A] FREE CONF PART
         0.01094405        -0.03283216        -0.00074462        -0.00502526         0.01507577         0.00418771
        -0.03283216         0.09849648         0.00223385         0.01507577        -0.04522731        -0.01256314
        -0.00074462         0.00223385         0.12289808        -0.00418954         0.01256861        -0.01396222
        -0.00502526         0.01507577        -0.00418954         0.00575149        -0.01725448        -0.00331297
         0.01507577        -0.04522731         0.01256861        -0.01725448         0.05176343         0.00993892
         0.00418771        -0.01256314        -0.01396222        -0.00331297         0.00993892         0.12592039

[B] FREE CONF PART
      1722.31689276       574.38945472         0.66782985      -860.72875373      -286.96551707         0.05308460
       574.38945472       191.91142620         0.44114189      -286.88410433       -95.79102446        -0.05684599
         0.66782985         0.44114189         0.97105579        -0.09416955         0.04753063         0.11170314
      -860.72875373      -286.88410433        -0.09416955       991.17265879       330.37966340         0.15090597
      -286.96551707       -95.79102446         0.04753063       330.37966340       110.35991141         0.12869137
         0.05308460        -0.05684599         0.11170314         0.15090597         0.12869137         0.68745403

DECOMPOSED [B] FREE CONF
         0.02409592        13.84044097         0.01609197       -20.74004913        -6.91469745         0.00127912
       574.38945472         1.68163463         0.36730581         0.28137335        -0.14892981        -0.12536520
         0.66782985         0.44114189         1.09377296         0.14900326         0.23352550         0.17252072
      -860.72875373      -286.88410433        -0.09416955         0.04222298         7.89466765         0.00789584
      -286.96551707       -95.79102446         0.04753063       330.37966340         2.63177073         0.04274654
         0.05308460        -0.05684599         0.11170314         0.15090597         0.12869137         1.24991901

CHECK:[L][Lt]=[B]
      1722.31689276       574.38945472         0.66782985      -860.72875373      -286.96551707         0.05308460
                          191.91142620         0.44114189      -286.88410433       -95.79102446        -0.05684599
                                               0.97105579        -0.09416955         0.04753063         0.11170314
                                                                991.17265879       330.37966340         0.15090597
                                                                                   110.35991141         0.12869137
                                                                                                        0.68745403

TRANSFORMED FULL [A']
  1         0.00000635        -0.00147827         0.00057416         0.00001440        -0.00015984        -0.00022094
  3        -0.00147827         0.34390772        -0.13357308        -0.00335051         0.03718587         0.05139890
  5         0.00057416        -0.13357308         0.19884672         0.00016744        -0.04207578        -0.06886579
  7         0.00001440        -0.00335051         0.00016744         0.00004723        -0.00136285        -0.00015865
  9        -0.00015984         0.03718587        -0.04207578        -0.00136285         0.26139731         0.02206449
 11        -0.00022094         0.05139890        -0.06886579        -0.00015865         0.02206449         0.21429725

TRANSFORMED [A']
         0.00000635        -0.00147827         0.00057416         0.00001440        -0.00015984        -0.00022094
        -0.00147827         0.34390772        -0.13357308        -0.00335051         0.03718587         0.05139890
         0.00057416        -0.13357308         0.19884672         0.00016744        -0.04207578        -0.06886579
         0.00001440        -0.00335051         0.00016744         0.00004723        -0.00136285        -0.00015865
        -0.00015984         0.03718587        -0.04207578        -0.00136285         0.26139731         0.02206449
        -0.00022094         0.05139890        -0.06886579        -0.00015865         0.02206449         0.21429725

EIGEN VECTOR [V']
         0.00313504        -0.00128913        -0.00121244         0.00080242         0.00000046        -0.00000155
        -0.72934268         0.29990613         0.28206462        -0.18667777        -0.00018327         0.00036003
         0.48230400        -0.03503304         0.10304184        -0.40668612        -0.00114767         0.00222914
         0.00627675         0.00065989        -0.00500269         0.00605673         0.00000989        -0.00001961
        -0.26311603        -0.85761473         0.11818971        -0.04247167         0.00044288        -0.00085928
        -0.30273522        -0.03296126        -0.61822043        -0.16112683         0.00089302        -0.00088105

EIGEN VALUE {E}
         0.46702262
         0.24752356
         0.19810463
         0.10585177
        -0.00000000
         0.00000584

CHECK [A'][V']
         0.00146414        -0.00031909        -0.00024019         0.00008494        -0.00000066         0.00000108
        -0.34061953         0.07423388         0.05587827        -0.01976018         0.00015261        -0.00025111
         0.22524688        -0.00867151         0.02041307        -0.04304845        -0.00028386         0.00049199
         0.00293138         0.00016334        -0.00099106         0.00064112        -0.00000032         0.00000048
        -0.12288114        -0.21227984         0.02341402        -0.00449568         0.00017693        -0.00032443
        -0.14138420        -0.00815873        -0.12247233        -0.01705556         0.00027076        -0.00034277

CHECK {E}[V']
         0.00146414        -0.00031909        -0.00024019         0.00008494        -0.00000000        -0.00000000
        -0.34061953         0.07423383         0.05587831        -0.01976017         0.00000000         0.00000000
         0.22524688        -0.00867150         0.02041307        -0.04304845         0.00000000         0.00000001
         0.00293138         0.00016334        -0.00099106         0.00064112        -0.00000000        -0.00000000
        -0.12288114        -0.21227985         0.02341393        -0.00449570        -0.00000000        -0.00000001
        -0.14138420        -0.00815869        -0.12247233        -0.01705556        -0.00000000        -0.00000001

EIGEN VECTOR [V]
         0.67442733         0.22808571        -0.12130093         0.05124863        -0.00046163         0.00079854
        -2.02234309        -0.68464611         0.36360570        -0.15266555         0.00138624        -0.00239890
         0.72956186         0.42240473         0.17847610        -0.38895023        -0.00167507         0.00307591
         0.21702384         0.75085202        -0.13261455         0.03002945        -0.00034662         0.00071206
        -0.64989202        -2.25241049         0.39797913        -0.08911890         0.00103999        -0.00213754
        -0.37839451        -0.04119890        -0.77272546        -0.20139548         0.00111620        -0.00110124

EIGEN VALUE INVERSE {E}
         0.46702262
         0.24752356
         0.19810463
         0.10585177
        -0.00000000
         0.00000584

ELEM 1002 EIGEN VALUE=     2.14122

ELEM 1003 OFFSET=3
[ke']
 19      1291.25724935         0.00000000       430.44598010         0.00000000         0.22233635         0.00000000      -860.64408221         0.00000000      -286.98248116         0.00000000         0.03529135         0.00000000
 20         0.00000000         0.37343099         0.00000000        -0.24796800         0.00000000         0.00000000         0.00000000        -0.06273149         0.00000000        -0.03136575         0.00000000         0.09409724
 21       430.44598010         0.00000000       143.65135232         0.00000000         0.07227876         0.00000000      -286.83985971         0.00000000       -95.78259218         0.00000000        -0.08223107         0.00000000
 22         0.00000000        -0.24796800         0.00000000         0.37309048         0.00000000        -0.12524782         0.00000000         0.03136575         0.00000000         0.01013251         0.00000000        -0.03147333
 23         0.22233635         0.00000000         0.07227876         0.00000000         0.66244911         0.00000000        -0.02758043         0.00000000         0.00859906         0.00000000         0.10648405         0.00000000
 24         0.00000000         0.00000000         0.00000000        -0.12524782         0.00000000         0.37702768         0.00000000        -0.09409724         0.00000000        -0.03147333         0.00000000         0.09406138
 31      -860.64408221         0.00000000      -286.83985971         0.00000000        -0.02758043         0.00000000      1147.67846934         0.00000000       191.24599763         0.00000000         0.06241982         0.00000000
 32         0.00000000        -0.06273149         0.00000000         0.03136575         0.00000000        -0.09409724         0.00000000         0.19893499         0.00000000        -0.04747651         0.00000000         0.00000000
 33      -286.98248116         0.00000000       -95.78259218         0.00000000         0.00859906         0.00000000       191.24599763         0.00000000       274.60276257         0.00000000         0.06903184         0.00000000
 34         0.00000000        -0.03136575         0.00000000         0.01013251         0.00000000        -0.03147333         0.00000000        -0.04747651         0.00000000         0.26288248         0.00000000         0.00000000
 35         0.03529135         0.00000000        -0.08223107         0.00000000         0.10648405         0.00000000         0.06241982         0.00000000         0.06903184         0.00000000         0.55378545         0.00000000
 36         0.00000000         0.09409724         0.00000000        -0.03147333         0.00000000         0.09406138         0.00000000         0.00000000         0.00000000         0.00000000         0.00000000         0.37683868
[kg']
 19         0.00876091         0.00000000        -0.02628273         0.00000000         0.00240609         0.00000000        -0.00621047         0.00000000         0.01863045         0.00000000         0.00517504         0.00000000
 20         0.00000000         0.13096104         0.00000000         0.01813990         0.00000000        -0.01169835         0.00000000        -0.06210151         0.00000000         0.01252047         0.00000000         0.02142391
 21        -0.02628273         0.00000000         0.07884818         0.00000000        -0.00721827         0.00000000         0.01863140         0.00000000        -0.05589136         0.00000000        -0.01552512         0.00000000
 22         0.00000000         0.01813990         0.00000000         0.01075235         0.00000000        -0.00971480         0.00000000        -0.01256013         0.00000000         0.01009033         0.00000000        -0.01057022
 23         0.00240609         0.00000000        -0.00721827         0.00000000         0.12943410         0.00000000        -0.00523558         0.00000000         0.01552537         0.00000000        -0.01727312         0.00000000
 24         0.00000000        -0.01169835         0.00000000        -0.00971480         0.00000000         0.12234334         0.00000000        -0.02143713         0.00000000        -0.01057022         0.00000000        -0.02733509
 31        -0.00621047         0.00000000         0.01863140         0.00000000        -0.00523558         0.00000000         0.01471631         0.00000000        -0.01349215         0.00000000        -0.00556763         0.00000000
 32         0.00000000        -0.06210151         0.00000000        -0.01256013         0.00000000        -0.02143713         0.00000000         0.13725933         0.00000000        -0.02830502         0.00000000        -0.00000000
 33         0.01863045         0.00000000        -0.05589136         0.00000000         0.01552537         0.00000000        -0.01349215         0.00000000         0.07132292         0.00000000         0.00949389         0.00000000
 34         0.00000000         0.01252047         0.00000000         0.01009033         0.00000000        -0.01057022         0.00000000        -0.02830502         0.00000000         0.00322590         0.00000000         0.00000000
 35         0.00517504         0.00000000        -0.01552512         0.00000000        -0.01727312         0.00000000        -0.00556763         0.00000000         0.00949389         0.00000000         0.14476972         0.00000000
 36         0.00000000         0.02142391         0.00000000        -0.01057022         0.00000000        -0.02733509         0.00000000        -0.00000000         0.00000000         0.00000000         0.00000000         0.14782126
{CONF} :   0   1   0   1   0   1   0   1   0   1   0   1
[A]
         0.00876091         0.00000000        -0.02628273         0.00000000         0.00240609         0.00000000        -0.00621047         0.00000000         0.01863045         0.00000000         0.00517504         0.00000000
         0.00000000         0.13096104         0.00000000         0.01813990         0.00000000        -0.01169835         0.00000000        -0.06210151         0.00000000         0.01252047         0.00000000         0.02142391
        -0.02628273         0.00000000         0.07884818         0.00000000        -0.00721827         0.00000000         0.01863140         0.00000000        -0.05589136         0.00000000        -0.01552512         0.00000000
         0.00000000         0.01813990         0.00000000         0.01075235         0.00000000        -0.00971480         0.00000000        -0.01256013         0.00000000         0.01009033         0.00000000        -0.01057022
         0.00240609         0.00000000        -0.00721827         0.00000000         0.12943410         0.00000000        -0.00523558         0.00000000         0.01552537         0.00000000        -0.01727312         0.00000000
         0.00000000        -0.01169835         0.00000000        -0.00971480         0.00000000         0.12234334         0.00000000        -0.02143713         0.00000000        -0.01057022         0.00000000        -0.02733509
        -0.00621047         0.00000000         0.01863140         0.00000000        -0.00523558         0.00000000         0.01471631         0.00000000        -0.01349215         0.00000000        -0.00556763         0.00000000
         0.00000000        -0.06210151         0.00000000        -0.01256013         0.00000000        -0.02143713         0.00000000         0.13725933         0.00000000        -0.02830502         0.00000000        -0.00000000
         0.01863045         0.00000000        -0.05589136         0.00000000         0.01552537         0.00000000        -0.01349215         0.00000000         0.07132292         0.00000000         0.00949389         0.00000000
         0.00000000         0.01252047         0.00000000         0.01009033         0.00000000        -0.01057022         0.00000000        -0.02830502         0.00000000         0.00322590         0.00000000         0.00000000
